87
88
9
99
80
96
33
37
4
66
34
62
85
95
96
67
73
93
82
16
79
2
63
26
47
91
92
59
90
78
73
49
93
63
86
16
98
6
72
94
83
33
64
45
57
83
82
62
77
65
65
30
10
65
94
41
78
23
41
92
59
73
43
81
30
29
77
12
72
98
59
94
73
10
81
75
79
90
96
34
5
15
15
9
59
94
36
51
48
53
58
37
11
54
23
86
97
43
27
33
34
80
57
8
95
58
35
68
58
84
47
96
98
56
16
98
57
39
31
4
30
60
48
73
29
72
12
13
61
15
1
53
7
55
15
87
97
2
14
71
31
38
87
63
80
30
32
18
82
30
75
2
66
50
57
99
5
6
28
41
98
84
63
40
97
14
4
42
22
27
82
11
53
47
91
10
79
73
33
38
1
64
78
31
52
23
62
46
86
43
87
1
94
25
6
74
64
25
81
63
54
13
2
61
2
18
29
58
36
87
14
72
7
83
95
5
58
65
2
43
62
59
98
64
1
98
39
6
9
36
99
22
50
19
64
6
57
82
50
97
77
57
45
23
12
82
84
76
89
94
94
78
49
73
76
96
20
75
3
27
72
15
51
83
57
23
7
10
30
11
36
96
97
64
15
93
39
32
64
62
72
77
66
10
21
16
55
28
12
58
89
85
87
99
53
55
66
1
32
58
60
64
82
19
77
49
15
67
72
89
35
92
43
71
77
67
67
39
62
22
85
74
79
65
81
91
93
35
43
66
11
38
29
78
21
66
67
13
60
8
69
54
2
58
38
2
43
38
11
24
